0.032471655	New Point
0.332063492	1.1
0.662312925	1.2
0.963265306	1.3
1.270566893	1.4
1.603265306	2.1
1.908027211	2.2
2.228027211	2.3
2.511201814	2.4
2.814693878	3.1
3.128344671	3.2
3.463582766	3.3
3.769614512	3.4
4.083265306	4.1
4.370249433	4.2
4.662312925	4.3
4.973424036	4.4
5.312471655	5.2
5.605804989	5.3
5.924535147	5.4
6.214058957	6.1
6.531315193	6.2
6.869297052	6.3
7.146122449	6.4
7.429297052	7.1
7.734058957	7.2
8.047709751	7.3
8.357551020	8.1
8.668662132	8.2
8.989931973	8.3
9.304852608	8.4
9.595646259	9.1
9.920725624	9.3
10.248344671	9.4
10.564535147	10.1
10.857868481	10.2
11.151201814	10.3
11.462312925	10.4
11.773424036	11.1
12.088344671	11.2
12.413424036	11.3
12.697868481	11.4
12.996281179	12.1
13.313741497	12.2
13.586757370	12.3
13.905487528	12.4
14.224217687	13.1
14.567074830	13.2
14.881995465	13.3
15.160090703	13.4
15.467392290	14.1
15.772154195	14.2
16.088344671	14.3
16.415963719	14.4
16.711836735	15.1
17.038185941	15.2
17.313741497	15.3
17.605804989	15.4
17.925804989	16.1
18.222947846	16.2
18.503582766	16.3
18.845170068	16.4
19.132154195	17.1
19.440725624	New Point
19.754376417	17.2
20.052789116	17.3
20.353741497	17.4
20.645804989	18.1
20.918820862	18.2
21.242630385	18.3
21.532154195	18.4
21.833106576	19.1
22.109931973	19.2
22.417233560	19.3
22.696598639	19.4
23.003900227	20.1
23.302312925	20.2
23.593106576	20.3
23.868662132	20.4
24.131519274	21.1
24.432471655	21.3
24.789297052	21.4
25.080090703	22.1
25.372154195	22.2
25.701111111	22.3
25.972789116	22.4
26.275011338	23.1
26.589931973	23.2
26.885804989	23.3
27.174058957	23.4
27.455963719	24.2
27.772154195	24.3
28.113741497	24.4
28.415963719	25.1
28.718185941	25.2
29.006439909	25.4
29.301043084	26.1
29.595646259	26.2
29.905487528	26.3
30.197551020	26.4
30.509931973	27.1
30.833741497	27.2
31.104217687	27.4
31.398820862	28.1
31.723900227	28.2
32.018503401	28.3
32.310566893	28.4
32.635646259	29.2
32.915011338	29.4
33.222312925	30.2
33.519455782	30.1
33.830566893	New Point
34.104852608	30.3
34.421043084	30.4
34.721995465	31.2
35.012789116	31.3
35.314058957	31.4
35.624852608	32.1
35.920725624	32.2
36.205170068	32.3
36.503582766	32.4
36.804535147	33.1
37.076281179	33.2
37.379773243	33.3
37.661678005	33.4
37.942312925	34.1
38.241995465	34.2
38.581043084	34.3
38.899773243	34.4
39.217233560	35.1
39.513106576	35.2
39.812789116	35.3
40.093424036	35.4
40.432471655	36.2
40.725804989	36.3
41.011519274	36.4
41.308662132	37.1
41.589160998	37.2
41.894058957	37.3
42.188662132	37.4
42.475646259	38.1
42.757551020	38.2
43.082630385	38.4
43.373424036	39.1
43.651519274	39.2
43.958820862	39.3
44.247074830	39.4
44.520090703	40.1
44.798185941	40.2
45.114376417	40.3
45.367936508	40.4
45.674376417	41.1
45.961360544	41.2
46.238185941	41.3
46.527709751	41.4
46.831201814	42.1
47.115646259	42.3
47.422947846	42.4
47.735328798	43.1
48.023582766	43.2
48.302947846	43.3
48.626757370	43.4
48.928979592	44.2
49.209614512	44.3
49.508163265	44.4
49.758004535	45.1
50.064217687	45.2
50.382947846	45.3
50.709297052	45.4
51.002630385	46.2
51.289614512	46.3
51.604535147	46.4
51.901678005	47.1
52.187392290	47.2
52.478185941	47.3
52.772789116	47.4
53.069931973	48.1
53.377233560	48.2
53.647709751	48.3
53.976621315	48.4
54.255963719	49.1
54.546757370	49.2
54.818503401	49.3
55.094058957	49.4
55.378503401	50.1
55.681995465	50.2
55.982947846	50.3
56.308027211	50.4
56.587392290	51.1
56.904852608	51.3
57.231201814	51.4
57.539773243	52.1
57.858503401	52.2
58.139138322	52.3
58.465487528	52.4
58.752471655	53.1
59.029297052	53.2
59.348027211	53.3
59.626122449	53.4
59.908027211	54.2
60.224217687	54.3
60.520090703	54.4
60.795646259	55.1
61.104217687	55.2
61.389931973	55.3
61.666757370	55.4
61.971519274	56.1
62.255963719	56.2
62.559773243	56.3
62.840090703	56.4
63.142312925	57.1
63.420408163	57.2
63.715011338	57.3
64.048979592	57.4
64.343582766	58.1
64.620408163	58.2
64.930249433	58.3
65.203265306	58.4
65.504217687	59.1
65.789931973	59.3
66.078185941	59.4
66.385487528	60.1
66.667392290	60.2
66.958185941	60.3
67.255328798	60.4
67.552471655	61.1
67.872471655	61.2
68.156916100	61.3
68.454058957	61.4
68.714376417	62.1
69.007709751	62.2
69.332789116	62.3
69.638820862	62.4
69.914376417	63.2
70.192471655	63.3
70.532789116	63.4
70.821043084	64.1
71.120725624	64.2
71.466122449	64.3
71.730249433	65.1
72.013424036	65.2
72.283900227	New Point
72.578503401	65.3
72.856598639	65.4
73.137233560	66.1
73.454693878	66.2
73.744217687	66.3
74.046439909	66.4
74.325804989	67.1
74.634376417	67.2
74.917551020	67.3
75.222312925	67.4
75.521995465	68.2
75.838185941	68.3
76.085804989	68.4
76.375328798	69.1
76.668662132	69.2
76.986122449	69.3
77.266757370	69.4
77.533424036	70.1
77.839455782	70.2
78.125170068	70.3
78.426122449	70.4
78.692789116	71.1
78.989931973	71.2
79.262947846	71.3
79.588027211	71.4
79.861043084	72.1
80.165804989	72.2
80.464217687	72.3
80.733424036	72.4
81.007709751	73.1
81.320090703	73.2
81.599455782	73.3
81.871201814	73.4
82.172154195	74.1
82.475646259	74.2
82.770249433	74.3
83.066122449	74.4
83.361995465	75.1
83.660408163	75.2
83.937233560	75.3
84.240725624	75.4
84.532789116	76.1
84.828662132	76.2
85.135963719	76.3
85.455963719	76.4
85.745487528	77.1
86.045170068	77.2
86.308027211	77.3
86.592471655	77.4
86.899773243	78.1
87.223968254	78.2
87.495328798	78.3
87.784852608	78.4
88.043900227	79.1
88.321995465	79.2
88.583582766	79.3
88.859138322	79.4
89.127074830	80.1
89.433106576	80.2
89.706122449	80.3
89.990566893	80.4
90.294058957	81.1
90.598820862	81.2
90.905646259	81.3
91.168934240	81.4
91.416598639	82.1
91.694693878	82.2
91.990566893	82.3
92.257233560	82.4
92.548027211	83.1
92.865487528	83.2
93.167709751	83.3
93.435646259	83.4
93.706122449	84.1
93.974126984	84.2
94.243446712	84.3
94.544217687	84.4
94.823786848	85.1
95.118185941	85.2
95.458503401	85.3
95.736598639	85.4
96.028662132	86.1
96.313106576	86.2
96.579773243	86.3
96.894693878	86.4
97.163900227	87.1
97.439455782	87.2
97.730249433	87.3
97.999455782	87.4
98.291519274	88.1
98.603900227	88.2
98.869297052	88.3
99.158820862	88.4
99.449614512	89.1
99.740408163	89.2
100.017233560	89.3
100.328344671	89.4
100.579773243	90.2
100.851519274	90.3
101.133424036	90.4
101.419138322	91.1
101.725170068	91.2
102.003265306	91.3
102.286439909	91.4
102.590272109	92.1
102.870566893	92.2
103.138503401	92.3
103.422947846	92.4
103.731519274	93.1
104.005804989	93.2
104.283900227	93.3
104.567074830	93.4
104.841360544	94.2
105.142312925	94.3
105.439455782	94.4
105.711201814	95.1
105.986757370	95.2
106.258503401	95.3
106.518820862	95.4
106.796916100	96.1
107.095328798	96.2
107.375963719	96.3
107.668027211	96.4
107.956281179	97.1
108.226757370	97.2
108.478185941	97.3
108.784217687	97.4
109.024217687	98.1
109.334058957	98.2
109.637551020	98.4
109.938503401	99.1
110.184852608	99.2
110.532653061	99.3
110.819954649	99.4
111.071405896	100.1
111.365850340	100.2
111.630068027	100.3
111.928435374	100.4
112.168027211	101.1
112.465260771	101.2
112.729183673	101.3
112.967074830	101.4
113.235011338	102.1
113.532154195	102.2
113.835646259	102.3
114.150566893	102.4
114.460408163	103.1
114.747392290	103.2