0.023582766	0.4
0.247619048	1.1
0.453514739	1.2
0.665759637	1.3
0.877097506	1.4
1.100226757	2.1
1.307029478	2.2
1.531065760	2.3
1.750702948	2.4
1.951927438	3.1
2.170634921	3.2
2.375668934	3.3
2.588548753	3.4
2.800907029	4.1
3.032199546	4.2
3.250793651	4.3
3.460317460	4.4
3.666213152	5.1
3.871201814	5.2
4.096145125	5.3
4.298412698	5.4
4.511564626	6.1
4.709297052	6.2
4.941496599	6.3
5.141950113	6.4
5.357823129	7.1
5.560090703	7.2
5.782312925	7.3
5.980952381	7.4
6.175056689	8.1
6.374603175	8.2
6.604081633	8.3
6.829024943	8.4
7.047619048	9.1
7.252607710	9.2
7.463038549	9.3
7.691609977	9.4
7.904761905	10.1
8.120090703	10.2
8.346485261	10.3
8.553287982	10.4
8.769160998	11.1
8.984126984	11.2
9.192743764	11.3
9.411337868	11.4
9.616326531	12.1
9.836734694	12.2
10.068027211	12.3
10.275736961	12.4
10.495238095	13.1
10.710204082	13.2
10.934285714	13.3
11.154648526	13.4
11.367800454	14.1
11.571882086	14.2
11.785374150	14.3
11.994058957	14.4
12.221315193	15.1
12.444444444	15.2
12.649433107	15.3
12.845351474	15.4
13.057596372	16.1
13.278911565	16.2
13.498412698	16.3
13.701587302	16.4
13.929251701	17.1
14.142403628	17.2
14.363718821	17.3
14.575056689	17.4
14.799092971	18.1
15.004988662	18.2
15.215419501	18.3
15.432131519	18.4
15.644444444	19.1
15.864852608	19.2
16.077097506	19.3
16.272108844	19.4
16.488888889	20.1
16.705668934	20.2
16.932426304	20.3
17.131065760	20.4
17.359637188	21.1
17.559183673	21.2
17.785034014	21.3
17.988208617	21.4
18.196825397	22.1
18.390408163	22.2
18.606802721	22.3
18.819954649	22.4
19.050340136	23.1
19.246258503	23.2
19.458503401	23.3
19.676190476	23.4
19.906575964	24.1
20.107936508	24.2
20.321088435	24.3
20.532290249	24.4
20.728140590	25.1
20.952380952	25.2
21.174603175	25.3
21.381405896	25.4
21.611791383	26.1
21.807891156	26.2
22.033197279	26.3
22.241088435	26.4
22.471836735	27.1
22.674285714	27.2
22.893061224	27.3
23.106394558	27.4
23.318639456	28.1
23.525442177	28.2
23.743129252	28.3
23.972789116	28.4
24.185034014	29.1
24.407074830	29.2
24.623673469	29.3
24.840272109	29.4
25.052517007	30.1
25.275646259	30.2
25.508571429	30.3
25.725170068	30.4
25.948299320	31.1
26.143129252	31.2
26.364081633	31.3
26.566530612	31.4
26.799047619	32.1
27.025714286	32.2
27.255510204	32.3
27.478639456	32.4
27.666938776	33.1
27.866122449	33.2
28.077278912	33.3
28.286258503	33.4
28.498503401	34.1
28.712925170	34.2
28.936054422	34.3
29.133061224	34.4
29.364897959	35.1
29.566258503	35.2
29.776326531	35.3
29.992925170	35.4
30.206258503	36.1
30.409795918	36.2
30.628798186	36.3
30.837551020	36.4
31.055238095	37.1
31.257687075	37.2
31.480816327	37.3
31.689795918	37.4
31.906394558	38.1
32.113197279	38.2
32.330884354	38.3
32.540952381	38.4
32.778231293	39.1
32.975238095	39.2
33.186394558	39.3
33.388843537	39.4
33.597823129	40.1
33.822040816	40.2
34.041904762	40.3
34.247619048	40.4
34.463129252	41.1
34.672108844	41.2
34.860408163	41.3
35.091156463	41.4
35.297959184	42.1
35.504761905	42.2
35.728979592	42.3
35.947755102	42.4
36.168707483	43.1
36.370068027	43.2
36.589931973	43.3
36.806530612	43.4
37.027482993	44.1
37.235374150	44.2
37.455238095	44.3
37.657687075	44.4
37.885170068	45.1
38.067664399	45.2
38.277006803	45.3
38.491428571	45.4
38.730884354	46.1
38.929977324	46.2
39.135714286	46.3
39.362857143	46.4
39.584784580	47.1
39.796961451	47.2
40.011723356	47.3
40.216598639	47.4
40.428843537	48.1
40.640000000	48.2
40.871836735	48.3
41.080816327	48.4
41.284353741	49.1
41.463945578	49.2
41.687074830	49.3
41.891700680	49.4
42.115918367	50.1
42.323809524	50.2
42.546938776	50.3
42.758095238	50.4
42.995374150	51.1
43.181496599	51.2
43.400272109	51.3
43.617959184	51.4
43.834557823	52.1
44.041360544	52.2
44.261224490	52.3
44.478911565	52.4
44.691156463	53.1
44.927006803	53.2
45.137074830	53.3
45.339637188	53.4
45.548684807	54.1
45.749115646	54.2
45.989659864	54.3
46.184489796	54.4
46.391292517	55.1
46.605714286	55.2
46.831020408	55.3
47.025850340	55.4
47.239183673	56.1
47.457959184	56.2
47.671292517	56.3
47.879183673	56.4
48.095396825	57.1
48.309569161	57.2
48.531156463	57.3
48.741405896	57.4
48.956734694	58.1
49.176598639	58.2
49.387755102	58.3
49.589115646	58.4
49.807891156	59.1
50.009251701	59.2
50.233469388	59.3
50.443537415	59.4
50.656870748	60.1
50.878911565	60.2
51.088979592	60.3
51.299047619	60.4
51.533061224	61.1
51.734421769	61.2
51.943401361	61.3
52.171972789	61.4
52.399455782	62.1
52.597551020	62.2
52.813061224	62.3
53.023129252	62.4
53.231020408	63.1
53.432380952	63.2
53.660952381	63.3
53.885170068	63.4
54.075646259	64.1
54.285714286	64.2
54.529523810	64.3
54.713469388	64.4
54.945306122	65.1
55.153197279	65.2
55.382857143	65.3
55.586394558	65.4
55.801904762	66.1
56.014149660	66.2
56.238367347	66.3
56.447346939	66.4
56.668299320	67.1
56.875102041	67.2
57.094965986	67.3
57.301768707	67.4
57.522721088	68.1
57.749115646	68.2
57.973333333	68.3
58.207346939	68.4
58.421768707	69.1
58.636190476	69.2
58.832108844	69.3
59.040000000	69.4
59.255510204	70.1
59.448163265	70.2
59.690884354	70.3
59.896598639	70.4
60.114285714	71.1
60.320000000	71.2
60.547482993	71.3
60.755374150	71.4
60.968707483	72.1
61.198367347	72.2
61.405170068	72.3
61.629387755	72.4
61.836190476	73.1
62.039727891	73.2
62.253061224	73.3
62.466394558	73.4
62.689523810	74.1
62.894149660	74.2
63.121632653	74.3
63.337142857	74.4
63.552653061	75.1
63.767074830	75.2
63.983673469	75.3
64.194829932	75.4
64.413605442	76.1
64.613877551	76.2
64.851156463	76.3
65.067755102	76.4
65.294149660	77.1
65.504217687	77.2
65.705578231	77.3
65.922176871	77.4
66.152925170	78.1
66.356462585	78.2
66.592653061	78.3
66.808163265	78.4
67.024761905	79.1
67.245714286	79.2
67.467755102	79.3
67.674557823	79.4
67.875918367	80.1
68.093605442	80.2
68.317823129	80.3
68.521360544	80.4
68.754285714	81.1
68.973061224	81.2
69.191836735	81.3
69.402993197	81.4
69.613061224	82.1
69.834013605	82.2
70.041904762	82.3
70.266122449	82.4
70.480544218	83.1
70.688435374	83.2
70.915918367	83.3
71.123809524	83.4
71.336054422	84.1
71.539591837	84.2
71.771428571	84.3
71.974965986	84.4
72.192653061	85.1
72.398367347	85.2
72.617142857	85.3
72.825034014	85.4
73.041632653	86.1
73.241904762	86.2
73.463945578	86.3
73.688163265	86.4
73.913469388	87.1
74.099591837	87.2
74.325986395	87.3
74.520816327	87.4
74.748299320	88.1
74.955102041	88.2
75.182585034	88.3
75.382857143	88.4
75.604897959	89.1
75.811700680	89.2
76.038095238	89.3
76.242721088	89.4
76.456054422	90.1
76.668299320	90.2
76.890340136	90.3
77.096054422	90.4
77.319183673	91.1
77.533605442	91.2
77.751292517	91.3
77.960272109	91.4
78.165986395	92.1
78.394557823	92.2
78.610068027	92.3
78.821224490	92.4
79.042176871	93.1
79.250068027	93.2
79.479727891	93.3
79.678911565	93.4
79.911836735	94.1
80.111020408	94.2
80.324353741	94.3
80.544217687	94.4
80.773877551	95.1
80.970884354	95.2
81.164625850	95.3
81.385578231	95.4
81.592380952	96.1
81.807891156	96.2
82.019047619	96.3
82.242176871	96.4
82.441360544	97.1
82.657959184	97.2
82.896326531	97.3
83.097687075	97.4
83.319727891	98.1
83.534149660	98.2
83.775782313	98.3
83.981496599	98.4
84.197006803	99.1
84.391836735	99.2
84.610612245	99.3
84.820680272	99.4
85.023129252	100.1
85.247346939	100.2
85.457414966	100.3
85.668571429	100.4
85.889523810	101.1
86.110476190	101.2
86.320544218	101.3
86.520816327	101.4
86.747210884	102.1
86.957278912	102.2
87.161904762	102.3
87.385034014	102.4
87.599455782	103.1
87.810612245	103.2
88.034829932	103.3
88.236190476	103.4
88.435374150	104.1
88.641088435	104.2
88.865306122	104.3
89.081904762	104.4
89.288707483	105.1
89.520544218	105.2
89.715374150	105.3
89.942857143	105.4
90.162721088	106.1
90.371700680	106.2
90.581768707	106.3
90.791836735	106.4
90.998639456	107.1
91.209795918	107.2
91.417687075	107.3
91.626666667	107.4
91.834557823	108.1
92.040272109	108.2
92.252517007	108.3
92.469115646	108.4
92.666122449	109.1
92.894693878	109.2
93.099319728	109.3
93.338775510	109.4
93.531428571	110.1
93.739319728	110.2
93.939591837	110.3
94.139863946	110.4
94.379319728	111.1
94.586122449	111.2
94.800544218	111.3
95.005170068	111.4
95.231564626	112.1
95.437278912	112.2
95.659319728	112.3
95.848707483	112.4
96.064217687	113.1
96.295736961	113.2
96.517165533	113.3
96.742312925	113.4
96.945850340	114.1
97.157006803	114.2
97.359455782	114.3
97.583673469	114.4
97.783945578	115.1
98.004897959	115.2
98.221496599	115.3
98.437006803	115.4
98.638367347	116.1
98.861496599	116.2
99.092244898	116.3
99.277278912	116.4
99.501496599	117.1
99.712653061	117.2
99.932517007	117.3
100.163265306	117.4
100.376598639	118.1
100.573605442	118.2
100.794557823	118.3
100.998095238	118.4
101.210340136	119.1
101.418231293	119.2
101.643537415	119.3
101.842721088	119.4
102.049523810	120.1
102.268299320	120.2
102.487074830	120.3
102.693877551	120.4
102.907210884	121.1
103.117278912	121.2
103.329523810	121.3
103.524353741	121.4
103.745306122	122.1
103.953197279	122.2
104.171972789	122.3
104.378775510	122.4
104.587755102	123.1
104.797823129	123.2
105.010068027	123.3
105.216870748	123.4
105.426938776	124.1
105.642448980	124.2
105.860136054	124.3
106.060408163	124.4
106.275918367	125.1
106.487074830	125.2
106.708027211	125.3
106.910476190	125.4
107.125986395	126.1
107.321904762	126.2
107.550476190	126.3
107.752925170	126.4
107.967346939	127.1
108.188299320	127.2
108.391836735	127.3
108.594285714	127.4
108.808707483	128.1
109.015510204	128.2
109.234285714	128.3
109.453061224	128.4
109.666394558	129.1
109.860136054	129.2
110.088707483	129.3
110.308571429	129.4
110.525170068	130.1
110.734149660	130.2
110.959455782	130.3
111.172789116	130.4
111.375238095	131.1
111.579863946	131.2
111.791020408	131.3
112.009795918	131.4
112.208979592	132.1
112.435374150	132.2
112.659591837	132.3
112.864217687	132.4
113.078639456	133.1
113.316712018	133.2
113.503877551	133.3
113.740408163	133.4
113.955918367	134.1
114.162721088	134.2
114.392380952	134.3
114.618775510	134.4
114.836462585	135.1
115.036734694	135.2
115.267482993	135.3
115.481904762	135.4
115.697414966	136.1
115.912925170	136.2
116.138231293	136.3
116.331972789	136.4
116.539863946	137.1
116.757551020	137.2
116.979591837	137.3
117.190748299	137.4
117.402993197	138.1
117.616326531	138.2
117.832925170	138.3
118.063673469	138.4
118.294421769	139.1
118.496870748	139.2
118.704761905	139.3
118.887619048	139.4
119.088979592	140.1
119.303401361	140.2
119.510204082	140.3
119.732244898	140.4
