0.338140590	1.1
0.792380952	1.2
1.246780045	1.3
1.696077098	2.1
2.153650794	2.2
2.590839002	2.3
3.022947846	3.1
3.496281179	3.2
3.937619048	3.3
4.380340136	4.1
4.845714286	4.2
5.291247166	4.3
5.755646259	5.1
6.180861678	5.2
6.616235828	5.3
7.069024943	6.1
7.539841270	6.2
7.954285714	6.3
8.404172336	7.1
8.846802721	7.2
9.287981859	7.3
9.736417234	8.1
10.197913832	8.2
10.653605442	8.3
11.078820862	9.1
11.550476190	9.2
11.988752834	9.3
12.442993197	10.1
12.913197279	10.2
13.354376417	10.3
13.802494331	11.1
14.235283447	11.2
14.693877551	11.3
15.143764172	12.1
15.593809524	12.2
16.033968254	12.3
16.499229025	13.1
16.915464853	13.2
17.357120181	13.3
17.848888889	14.1
18.294421769	14.2
18.753015873	14.3
19.185487528	15.1
19.644081633	15.2
20.096870748	15.3
20.569977324	16.1
21.005351474	16.2
21.426213152	16.3
21.860136054	17.1
22.321632653	17.2
22.761360544	17.3
23.206893424	18.1
23.672743764	18.2
24.089251701	18.3
24.537687075	19.1
25.014421769	19.2
25.467936508	19.3
25.926530612	20.1
26.372063492	20.2
26.833560091	20.3
27.280544218	21.1
27.743492063	21.2
28.194829932	21.3
28.650521542	22.1
29.103310658	22.2
29.538684807	22.3
30.004535147	23.1
30.437006803	23.2
30.875283447	23.3
31.333877551	24.1
31.777959184	24.2
32.226394558	24.3
32.683537415	25.1
33.121814059	25.2
33.580045351	25.3
34.018435374	26.1
34.485986395	26.2
34.917006803	26.3
35.378503401	27.1
35.805170068	27.2
36.237641723	27.3
36.689523810	28.1
37.153378685	28.2
37.594557823	28.3
38.038639456	29.1
38.478367347	29.2
38.932403628	29.3
39.367981859	30.1
39.803356009	30.2
40.245986395	30.3
40.707482993	31.1
41.154467120	31.2
41.607256236	31.3
42.048163265	32.1
42.489886621	32.2
42.972879819	32.3
43.411156463	33.1
43.882811791	33.2
44.297868481	33.3
44.757913832	34.1
45.222312925	34.2
45.648979592	34.3
46.110476190	35.1
46.532789116	35.2
47.001541950	35.3
47.461587302	36.1
47.931791383	36.2
48.364263039	36.3
48.808344671	37.1
49.252426304	37.2
49.686621315	37.3
50.130498866	38.1
50.591927438	38.2
51.038911565	38.3
51.490249433	39.1
51.940136054	39.2
52.381473923	39.3
52.802993197	40.1
53.258299320	40.2
53.688594104	40.3
54.144988662	41.1
54.609818594	41.2
55.047256236	41.3
55.489886621	42.1
55.936870748	42.2
56.367891156	42.3
56.813424036	43.1
57.264535147	43.2
57.688526077	43.3
58.132607710	44.1
58.571609977	44.2
59.016417234	44.3
59.473560091	45.1
59.924897959	45.2
60.389297052	45.3
60.823605442	46.1
61.291972789	46.2
61.741859410	46.3
62.187392290	47.1
62.640181406	47.2
63.095873016	47.3
63.531247166	48.1
63.988390023	48.2
64.460929705	48.3
64.889614512	49.1
65.346575964	49.2
65.776326531	49.3
66.229115646	50.1
66.670294785	50.2
67.118730159	50.3
67.565714286	51.1
68.033015873	51.2
68.433560091	51.3
68.886349206	52.1
69.321723356	52.2
69.748390023	52.3
70.202630385	53.1
70.640385488	53.2
71.105306122	53.3
71.542675737	54.1
72.006530612	54.2
72.441904762	54.3
72.881632653	55.1
73.340634921	55.2
73.809319728	55.3
74.240000000	56.1
74.691337868	56.2
75.149931973	56.3
75.601269841	57.1
76.083083900	57.2
76.535873016	57.3
76.968775510	58.1
77.444308390	58.2
77.875374150	58.3
78.335056689	59.1
78.771655329	59.2
79.219637188	59.3
79.660408163	60.1
80.139319728	60.2
80.571768707	60.3
81.033287982	61.1
81.460430839	61.2
81.911814059	61.3
82.365532880	62.1
82.821224490	62.2
83.278571429	62.3
83.712290249	63.1
84.178140590	63.2
84.614965986	63.3
85.047437642	64.1
85.466848073	64.2
85.906575964	64.3
86.347755102	65.1
86.794739229	65.2
87.238072562	65.3
87.688707483	66.1
88.128435374	66.2
88.568163265	66.3
89.007891156	67.1
89.470839002	67.2
89.878571429	67.3
90.366258503	68.1
90.805986395	68.2
91.276190476	68.3
91.686893424	69.1
92.152743764	69.2
92.622947846	69.3
93.039455782	70.1
93.482086168	70.2
93.924716553	70.3
94.328163265	71.1
94.799818594	71.2
95.210521542	71.3
95.687981859	72.1
96.148027211	72.2
96.563242630	72.3
97.018775510	73.1
97.461405896	73.2
97.908390023	73.3
98.371337868	74.1
98.818321995	74.2
99.242086168	74.3
99.673106576	75.1
100.105646259	75.2
100.562199546	75.3
101.003900227	76.1
101.440725624	76.2
101.910929705	76.3
102.341179138	77.1
102.804897959	77.2
103.259138322	77.3
103.686145125	78.1
104.147301587	78.2
104.576870748	78.3
105.004988662	79.1
105.482448980	79.2
105.916371882	79.3
106.353197279	80.1
106.827755102	80.2
107.281995465	80.3
107.718820862	81.1
108.146938776	81.2
108.598276644	81.3
109.039455782	82.1
109.492244898	82.2
109.900430839	82.3
110.349727891	83.1
110.794013605	83.2
111.249705215	83.3
111.672018141	84.1
112.124807256	84.2
112.573242630	84.3
113.005918367	85.1
113.457414966	85.2
113.882267574	85.3
114.317823129	86.1
114.753696145	86.2
115.210158730	86.3
115.648435374	87.1
116.109931973	87.2
116.527891156	87.3
116.980680272	88.1
117.436371882	88.2
117.863038549	88.3
118.299863946	89.1
118.719297052	89.2
119.122789116	89.3
119.585668934	90.1
120.037006803	90.2
120.448163265	90.3
120.868571429	91.1
121.312653061	91.2
121.752380952	91.3
122.203718821	92.1
122.662312925	92.2
123.080272109	92.3
123.553378685	93.1
123.965532880	93.2
124.427029478	93.3
124.889977324	94.1
125.320997732	94.2
125.783945578	94.3
126.236734694	95.1
126.677913832	95.2
127.113492063	95.3
127.542857143	96.1
127.977981859	96.2
128.426666667	96.3
128.875102041	97.1
129.306122449	97.2
129.758911565	97.3
130.203922902	98.1
130.642721088	98.2
131.088253968	98.3
131.520725624	99.1
131.960453515	99.2
132.411791383	99.3
132.832653061	100.1
133.278185941	100.2
133.730975057	100.3
134.161995465	101.1
134.588662132	101.2
135.024036281	101.3
135.464195011	102.1
135.912040816	102.2
136.330158730	102.3
136.761179138	103.1
137.213968254	103.2
137.656598639	103.3
138.115192744	104.1
138.569433107	104.2
139.014965986	104.3
139.453560091	105.1
139.911201814	105.2
140.323990930	105.3
140.759365079	106.1
141.193287982	106.2
141.666394558	106.3
142.129342404	107.1
142.587936508	107.2
143.008798186	107.3
143.452879819	108.1
143.921632653	108.2
144.361360544	108.3
144.814149660	109.1
145.255328798	109.2
145.687800454	109.3
146.127528345	110.1
146.560000000	110.2
146.992471655	110.3
147.445260771	111.1
147.886439909	111.2
148.316009070	111.3
148.755011338	112.1
149.220136054	112.2
149.652131519	112.3
150.106848073	113.1
150.545124717	113.2
150.992108844	113.3
151.421678005	114.1
151.873015873	114.2
152.309841270	114.3
152.753922902	115.1
153.215419501	115.2
153.653696145	115.3
154.106371882	116.1
154.569433107	116.2
155.020770975	116.3
155.449909297	117.1
155.911836735	117.2
156.360317460	117.3
156.827573696	118.1
157.294875283	118.2
157.730249433	118.3
158.187392290	119.1
158.628571429	119.2
159.065396825	119.3
159.515283447	120.1
159.955011338	120.2
160.383129252	120.3
160.831564626	121.1
161.290158730	121.2
161.718276644	121.3
162.181224490	122.1
162.616598639	122.2
163.053424036	122.3
163.494603175	123.1
163.937959184	123.2
164.385691610	123.3
164.857709751	124.1
165.330702948	124.2
165.770158730	124.3
166.214240363	125.1
166.652585034	125.2
167.096575964	125.3
167.543582766	126.1
167.972448980	126.2
168.421587302	126.3
168.875827664	127.1
169.312653061	127.2
169.733514739	127.3
170.189206349	128.1
170.589160998	128.2
171.052698413	128.3
171.504036281	129.1
171.910385488	129.2
172.353015873	129.3
172.800000000	130.1
173.222312925	130.2
173.651882086	130.3
174.106122449	131.1
174.557460317	131.2
174.986031746	131.3
