0.025306122
0.155306122
0.305306122
0.385306122
0.605306122
0.765306122
0.845306122
1.065306122
1.225306122
1.295306122
1.515306122
1.675306122
1.735306122
1.965306122
2.125306122
2.195306122
2.415306122
2.565306122
2.645306122
2.865306122
3.025306122
3.105306122
3.305306122
3.475306122
3.545306122
3.765306122
3.915306122
3.995306122
4.215306122
4.365306122
4.445306122
4.655306122
4.805306122
4.885306122
5.015306122
5.095306122
5.245306122
5.315306122
5.535306122
5.775306122
5.895306122
5.975306122
6.125306122
6.195306122
6.425306122
6.575306122
6.655306122
6.785306122
6.865306122
7.015306122
7.095306122
7.315306122
7.465306122
7.545306122
7.765306122
8.005306122
8.135306122
8.225306122
8.375306122
8.455306122
8.585306122
8.665306122
8.815306122
8.895306122
9.105306122
9.255306122
9.335306122
9.545306122
9.695306122
9.775306122
9.925306122
9.995306122
10.145306122
10.225306122
10.345306122
10.445306122
10.585306122
10.655306122
10.865306122
11.015306122
11.095306122
11.235306122
11.305306122
11.455306122
11.535306122
11.745306122
11.895306122
11.975306122
12.105306122
12.185306122
12.335306122
12.415306122
12.555306122
12.625306122
12.855306122
12.925306122
13.085306122
13.245306122
13.315306122
13.535306122
13.675306122
13.765306122
13.835306122
13.905306122
13.975306122
14.105306122
14.215306122
14.435306122
14.585306122
14.655306122
14.785306122
14.865306122
15.105306122
15.315306122
15.465306122
15.545306122
15.685306122
15.755306122
15.895306122
15.985306122
16.205306122
16.355306122
16.435306122
16.585306122
16.645306122
16.805306122
16.875306122
17.095306122
17.255306122
17.325306122
17.465306122
17.545306122
17.695306122
17.765306122
17.915306122
17.995306122
18.215306122
18.435306122
18.585306122
18.665306122
18.875306122
19.035306122
19.115306122
19.265306122
19.325306122
19.465306122
19.555306122
19.675306122
19.775306122
19.915306122
19.995306122
20.215306122
20.345306122
20.575306122
20.665306122
20.815306122
20.905306122
21.115306122
21.265306122
21.355306122
21.565306122
21.725306122
21.805306122
22.005306122
22.245306122
22.455306122
22.615306122
22.685306122
22.835306122
22.905306122
23.065306122
23.145306122
23.345306122
23.505306122
23.585306122
23.795306122
23.955306122
24.025306122
24.165306122
24.235306122
24.395306122
24.475306122
24.615306122
24.695306122
24.825306122
24.905306122
25.135306122
25.275306122
25.355306122
25.575306122
25.805306122
25.955306122
26.025306122
26.185306122
26.255306122
26.385306122
26.465306122
26.685306122
26.765306122
26.835306122
26.905306122
26.975306122
27.025306122
27.115306122
27.325306122
27.458004535	New Point
27.535306122
27.605306122
27.655306122
27.735306122
27.965306122
28.030702948	New Point
28.095306122
28.165306122
28.305306122
28.375306122
28.595306122
28.755306122
28.835306122
29.045306122
29.285306122
29.495306122
29.665306122
29.735306122
29.875306122
29.945306122
30.095306122
30.165306122
30.385306122
30.545306122
30.625306122
30.835306122
31.075306122
31.295306122
31.445306122
31.525306122
31.665306122
31.735306122
31.885306122
31.965306122
32.175306122
32.325306122
32.405306122
32.625306122
32.785306122
32.865306122
33.075306122
33.245306122
33.315306122
33.455306122
33.525306122
33.695306122
33.765306122
33.975306122
34.135306122
34.215306122
34.425306122
34.585306122
34.655306122
34.795306122
34.875306122
35.025306122
35.105306122
35.325306122
35.475306122
35.545306122
35.765306122
35.935306122
36.005306122
36.135306122
36.215306122
36.375306122
36.445306122
36.665306122
36.815306122
36.895306122
37.115306122
37.265306122
37.345306122
37.475306122
37.555306122
37.715306122
37.785306122
38.005306122
38.175306122
38.225306122
38.445306122
38.605306122
38.675306122
38.825306122
38.895306122
39.045306122
39.115306122
39.325306122
39.485306122
39.555306122
39.765306122
39.925306122
39.995306122
40.135306122
40.215306122
40.355306122
40.435306122
40.645306122
40.785306122
40.875306122
41.015306122
41.085306122
41.235306122
41.315306122
41.455306122
41.525306122
41.685306122
41.755306122
41.895306122
41.965306122
42.105306122
42.195306122
42.275306122
42.325306122
42.395306122
42.535306122
42.605306122
42.825306122
42.965306122
43.055306122
43.185306122
43.255306122
43.495306122
43.635306122
43.705306122
43.855306122
43.935306122
44.065306122
44.145306122
44.285306122
44.375306122
44.595306122
44.735306122
44.815306122
44.965306122
45.035306122
45.175306122
45.255306122
45.475306122
45.615306122
45.695306122
45.915306122
46.065306122
46.145306122
46.265306122
46.355306122
46.505306122
46.575306122
46.795306122
46.945306122
47.015306122
47.235306122
47.385306122
47.455306122
47.615306122
47.675306122
47.835306122
47.915306122
48.035306122
48.125306122
48.355306122
48.495306122
48.575306122
48.815306122
48.955306122
49.035306122
49.265306122
49.405306122
49.438956916	New Point
49.485306122
49.615306122
49.915306122
50.075306122
50.145306122
50.345306122
50.585306122
50.735306122
50.805306122
50.955306122
51.035306122
51.175306122
51.255306122
51.465306122
51.695306122
51.815306122
51.895306122
52.135306122
52.285306122
52.365306122
52.575306122
52.725306122
52.805306122
52.935306122
53.015306122
53.145306122
53.235306122
53.455306122
53.605306122
53.675306122
53.895306122
54.125306122
54.285306122
54.355306122
54.495306122
54.575306122
54.695306122
54.785306122
54.915306122
54.995306122
55.205306122
55.355306122
55.435306122
55.575306122
55.645306122
55.775306122
55.865306122
55.935306122
55.995306122
56.075306122
56.205306122
56.295306122
56.395306122
56.495306122
56.565306122
56.655306122
56.705306122
56.935306122
57.095306122
57.165306122
57.325306122
57.385306122
57.615306122
57.825306122
57.985306122
58.055306122
58.185306122
58.265306122
58.425306122
58.495306122
58.705306122
58.835306122
58.935306122
59.155306122
59.305306122
59.385306122
59.595306122
59.766575964	New Point
59.835306122
59.965306122
60.045306122
60.195306122
60.265306122
60.485306122
60.635306122
60.705306122
60.855306122
60.925306122
61.085306122
61.155306122
61.365306122
61.525306122
61.595306122
61.815306122
61.965306122
62.035306122
62.245306122
62.405306122
62.475306122
62.615306122
62.695306122
62.905306122
62.995306122
63.035306122
63.135306122
63.261179138	New Point
63.315306122
63.355306122
63.575306122
63.665306122
63.703083900	New Point
63.775306122
64.015306122
64.155306122
64.235306122
64.445306122
64.685306122
64.895306122
65.055306122
65.125306122
65.265306122
65.345306122
65.495306122
65.565306122
65.775306122
65.935306122
66.005306122
66.225306122
66.385306122
66.455306122
66.665306122
66.825306122
66.895306122
67.035306122
67.115306122
67.255306122
67.335306122
67.545306122
67.695306122
67.775306122
67.922766440	New Point
67.995306122
68.145306122
68.215306122
68.435306122
68.585306122
68.665306122
68.825306122
68.885306122
69.035306122
69.115306122
69.245306122
69.335306122
69.565306122
69.705306122
69.775306122
70.015306122
70.155306122
70.235306122
70.455306122
70.595306122
70.675306122
70.815306122
70.906893424	New Point
71.115306122
71.265306122
71.335306122
71.555306122
71.795306122
72.015306122
72.165306122
72.235306122
72.385306122
72.455306122
72.605306122
72.685306122
72.895306122
73.055306122
73.135306122
73.345306122
73.575306122
73.735306122
73.795306122
73.945306122
74.025306122
74.165306122
74.245306122
74.395306122
74.465306122
74.685306122
74.825306122
74.905306122
75.125306122
75.275306122
75.345306122
75.565306122
75.725306122
75.795306122
75.935306122
76.005306122
76.165306122
76.235306122
76.445306122
76.675306122
76.805306122
76.885306122
77.105306122
77.325306122
77.475306122
77.555306122
77.725306122
77.765306122
77.811020408	New Point
77.925306122
77.995306122
78.215306122
78.365306122
78.445306122
78.665306122
78.905306122
79.045306122
79.125306122
79.265306122
79.355306122
79.495306122
79.565306122
79.715306122
79.805306122
80.025306122
80.175306122
80.245306122
80.465306122
80.635306122
80.705306122
80.915306122
81.085306122
81.145306122
81.295306122
81.365306122
81.615306122
81.825306122
81.955306122
82.045306122
82.275306122
82.435306122
82.505306122
82.645306122
82.715306122
82.865306122
82.945306122
83.065306122
83.165306122
83.385306122
83.755306122
84.085306122
84.445306122
84.805306122