0.021428571
0.221428571
0.401428571
0.541428571
0.771428571
0.871428571
1.001428571
1.071428571
1.321428571
1.441428571
1.541428571
1.751428571
2.131428571
2.241428571
2.341428571
2.431428571
2.561428571
2.671428571
2.821428571
2.871428571
3.111428571
3.231428571
3.331428571
3.551428571
3.791428571
3.921428571
4.001428571
4.091428571
4.161428571
4.241428571
4.381428571
4.471428571
4.581428571
4.701428571
4.831428571
4.921428571
5.011428571
5.073469388	New Point
5.121428571
5.221428571
5.271428571
5.361428571
5.481428571
5.601428571
5.711428571
5.801428571
5.951428571
6.031428571
6.171428571
6.241428571
6.371428571
6.671428571
6.821428571
7.031428571
7.131428571
7.291428571
7.351428571
7.481428571
7.553469388	New Point
7.681428571
7.801428571
7.921428571
7.981428571
8.071428571
8.141428571
8.221428571
8.396734694	New Point
8.461428571
8.571428571
8.701428571
8.811428571
8.911428571
9.041428571
9.121428571
9.291428571
9.361428571
9.481428571
9.601428571
9.731428571
9.821428571
9.921428571
10.051428571
10.161428571
10.241428571
10.321428571
10.381428571
10.471428571
10.528979592	New Point
10.591428571
10.681428571
10.761428571
10.831428571
10.901428571
10.981428571
11.048163265	New Point
11.111428571
11.181428571
11.251428571
11.331428571
11.571428571
11.691428571
11.801428571
11.941428571
12.051428571
12.131428571
12.231428571
12.381428571
12.441428571
12.581428571
12.751428571
12.811428571
12.901428571
12.981428571
13.026938776	New Point
13.121428571
13.261428571
13.346122449	New Point
13.461428571
13.561428571
13.691428571
13.781428571
13.881428571
14.011428571
14.121428571
14.271836735	New Point
14.351428571
14.431428571
14.581428571
14.671428571
14.781428571
14.881428571
15.031428571
15.111428571
15.241428571
15.341428571
15.481428571
15.571428571
15.681428571
16.021428571
16.131428571
16.221428571
16.291428571
16.361428571
16.451428571
16.541428571
16.601428571
16.671428571
16.801428571
16.891428571
17.001428571
17.071428571
17.131428571
17.231428571
17.321428571
17.391428571
17.461428571
17.541428571
17.641428571
17.691428571
17.781428571
17.911428571
18.001428571
18.077551020	New Point
18.131428571
18.221428571
18.289795918	New Point
18.361428571
18.441428571
18.513469388	New Point
18.571428571
18.661428571
18.731428571
18.796734694	New Point
18.871428571
18.948571429	New Point
19.020408163	New Point
19.111428571
19.181428571
19.251428571
19.331428571
19.421428571
19.475102041	New Point
19.561428571
19.631428571
19.691428571
19.781428571
19.871428571
19.911428571
20.011428571
20.081428571
20.141428571
20.211428571
20.341428571
20.461428571
20.534693878	New Point
20.591428571
20.671428571
20.791428571
20.891428571
21.001428571
21.125714286	New Point
21.268571429	New Point
21.331428571
21.461428571
21.581428571
21.731428571	New Point
21.811428571
21.941428571
22.041428571
22.110204082	New Point
22.181428571
22.261428571
22.391428571
22.491428571
22.631428571
22.711428571
22.841428571
22.951428571
23.071428571
23.171428571
23.291428571
23.371428571
23.531428571
23.611428571
23.731428571
24.051428571
24.401428571
24.432653061	New Point
24.611428571
24.721428571
24.841428571
24.951428571
25.091428571
25.161428571
25.311428571
25.391428571
25.501428571
25.639183673	New Point
25.731428571
25.841428571
25.964897959
26.061428571
26.201428571
26.281428571
26.391428571
26.601428571
26.841428571
26.931428571
27.071428571
27.161428571
27.271428571
27.381428571
27.491428571
27.581428571
27.691428571
27.941428571
28.021428571
28.141428571
28.251428571
28.331428571
28.441428571
28.551428571
28.641428571
28.871428571
28.991428571
29.201428571
29.411428571
29.631428571
29.741428571
29.881428571
29.961428571
30.081428571
30.181428571
30.331428571
30.401428571
30.631428571
30.771428571
30.851428571
31.001428571
31.081428571
31.201428571
31.311428571
31.511428571
31.731428571
31.891428571
31.961428571
32.341428571
32.431428571
32.511428571
32.561428571
32.661428571
32.781428571
32.881428571
33.001428571
33.091428571
33.231428571
33.331428571
33.441428571
33.514285714	New Point
33.681428571
33.781428571
33.901428571
34.001428571
34.111428571
34.221428571
34.321428571
34.441428571
34.571428571
34.661428571
34.891428571
35.141428571
35.261428571
35.551428571
35.921428571
36.021428571
36.151428571
36.351428571
36.481428571
36.611428571
36.671428571
36.811428571
36.905306122	New Point
37.011428571
37.051428571
37.131428571
37.201428571
37.271428571
37.341428571
37.441428571
37.481428571
37.581428571
37.701428571
37.811428571
37.881428571
37.921428571
38.011428571
38.151428571
38.251428571
38.331428571
38.461428571
38.621428571
38.711428571
38.811428571
39.081428571
39.171428571
39.291428571
39.371428571
39.511428571
39.601428571
39.691428571
39.821428571
39.961428571
40.171428571
40.271428571
40.381428571
40.461428571
40.561428571
40.691428571
40.781428571
40.831428571
40.921428571
41.041428571
41.111428571
41.261428571
41.341428571
41.441428571
41.541428571
41.631428571
41.781428571
41.891428571
42.021428571
42.121428571
42.211428571
42.301428571
42.351428571
42.445714286	New Point
42.551428571
42.651428571
42.731428571
42.801428571
42.881428571
42.991428571
43.181428571
43.231428571
43.321428571
43.521428571
43.661428571
43.751428571
43.841428571
43.951428571
44.081428571
44.291428571
44.531428571
44.741428571
44.841428571
44.941428571
45.051428571
45.171428571
45.291428571
45.381428571
45.521428571
45.631428571
45.711428571
45.761428571
45.841428571
45.951428571
46.081428571
46.181428571
46.281428571
46.531428571
46.621428571
46.731428571
46.851428571
46.951428571
47.061428571
47.171428571
47.271428571
47.411428571
47.501428571
47.621428571
47.711428571
47.841428571
47.941428571
48.071428571
48.161428571
48.301428571
48.391428571
48.521428571
48.601428571
48.661428571
48.741428571
48.831428571
48.971428571
49.041428571
49.191428571
49.271428571
49.381428571
49.501428571
49.611428571
49.701428571
49.841428571
49.941428571
50.071428571
50.161428571
50.261428571
50.383673469	New Point
50.471428571
50.531428571
50.611428571
50.765714286	New Point
50.821428571
50.971428571
51.091428571
51.181428571
51.261428571
51.411428571
51.491428571
51.581428571
51.721428571
51.851428571
51.941428571
52.071428571
52.161428571
52.301428571
52.391428571
52.601428571
52.751428571
52.861428571
52.981428571
53.113469388	New Point
53.201428571
53.281428571
53.421428571
53.491428571
53.631428571
53.721428571
53.821428571
53.931428571
54.061428571
54.151428571
54.261428571
54.371428571
54.501428571
54.560816327	New Point
54.661428571
54.764081633	New Point
54.931428571
55.021428571
55.141428571
55.231428571
55.451428571
55.561428571
55.671428571
55.891428571
56.021428571
56.121428571
56.261428571
56.431428571
56.498775510	New Point
56.555918367	New Point
56.631428571
56.741428571
56.831020408	New Point
56.931428571
57.001428571
57.091428571
57.171428571
57.401428571
57.631428571
57.721428571
57.771428571
57.851428571
58.001428571
58.091428571
58.221428571
58.461428571
58.521428571
58.641428571
58.731428571
58.802448980	New Point
58.971428571
59.091428571
59.161428571
59.401428571
59.751428571
59.841428571
59.921428571
59.981428571
60.061428571
60.171428571
60.221428571
60.291428571
60.441428571
60.501428571
60.631428571
60.711428571
60.804081633	New Point
60.871428571
60.941428571
61.081428571
61.191428571
61.281428571
61.381428571
61.491428571
61.591428571
61.721428571
61.821428571
61.951428571
62.041428571
62.131428571
62.261428571
62.421428571
62.531428571
62.581428571
62.651428571
62.701428571
62.798367347	New Point
62.871428571
62.971428571
63.026938776	New Point
63.091428571
63.191428571
63.261428571
63.321632653	New Point
63.361428571
63.451428571
63.601428571
63.721428571
63.801428571
63.833469388	New Point
63.941428571
64.031428571
64.161428571
64.251428571
64.361428571
64.471428571
64.591428571
64.681428571
64.831428571
64.921428571
65.071428571
65.151428571
65.251428571
65.289795918	New Point
65.491428571
65.641428571
65.811428571
66.031428571
66.151428571
66.461428571
66.691428571
66.921428571
67.141428571
67.311428571
67.381428571
67.531428571
67.611428571
67.731428571
67.821428571
67.931428571
68.021428571
68.141428571
68.251428571
68.401428571
68.461428571
68.611428571
68.701428571
68.821428571
69.121428571
69.361428571
69.481428571
69.591428571
69.691428571
69.822040816	New Point
69.901428571
70.021428571
70.121428571
70.231428571
70.381428571
70.461428571
70.571428571
70.691428571
70.801428571
70.921428571
71.021428571
71.111428571
71.281428571
71.361428571
71.481428571
71.591428571
71.821428571
71.931428571
72.061428571
72.171428571
72.391428571
72.471428571
72.691428571
72.831428571
73.061428571
73.161428571
73.261428571
73.361428571
73.481428571
73.621428571
73.721428571
73.801428571
73.851428571
73.915918367	New Point
73.961428571
74.041428571
74.121428571
74.181428571
74.297142857	New Point
74.411428571
74.491428571
74.621428571
74.711428571
74.841428571
74.921428571
75.031428571
75.161428571
75.281428571
75.371428571
75.511428571
75.581428571
75.731428571
75.833469388	New Point
75.871428571
75.941428571
76.034285714	New Point
76.081428571
76.251428571
76.401428571
76.611428571
76.831428571
77.021428571
77.271428571
77.361428571
77.491428571
77.541428571
77.601428571
77.731428571
77.811428571
77.961428571
78.041428571
78.151428571
78.281428571
78.391428571
78.451428571
78.501428571
78.611428571
78.692244898	New Point
78.761428571
78.821428571
78.911428571
79.051428571
79.141428571
79.281428571
79.371428571
79.481428571
79.564897959	New Point
79.671428571
79.741428571
79.821428571
79.951428571
80.021428571
80.191428571
80.261428571
80.381428571
80.701428571
80.871428571
80.971428571
81.111428571
81.181428571
81.291428571
81.411428571
81.501428571
81.751428571
81.841428571
82.061428571
82.181428571
82.391428571
82.451428571
82.511428571
82.741428571
82.961428571
83.061428571
83.391428571
83.641428571
83.751428571
84.091428571
84.331428571
84.461428571
84.801428571