0.011700680	New Point
0.254081633
0.544081633
0.814081633
1.094081633
1.354081633
1.644081633
1.914081633
2.184081633
2.464081633
2.734081633
3.004081633
3.284081633
3.564081633
3.844081633
4.114081633
4.384081633
4.654081633
4.954081633
5.234081633
5.494081633
5.774081633
6.054081633
6.334081633
6.604081633
6.884081633
7.154081633
7.434081633
7.714081633
7.984081633
8.264081633
8.534081633
8.814081633
9.094081633
9.374081633
9.654081633
9.944081633
10.214081633
10.494081633
10.784081633
11.054081633
11.334081633
11.624081633
11.894081633
12.164081633
12.343310658	New Point
12.444081633
12.734081633
13.004081633
13.284081633
13.584081633
13.864081633
14.134081633
14.424081633
14.694081633
14.974081633
15.244081633
15.534081633
15.814081633
16.104081633
16.394081633
16.664081633
16.944081633
17.234081633
17.524081633
17.704081633
17.814081633
18.084081633
18.374081633
18.664081633
18.944081633
19.214081633
19.484081633
19.774081633
20.054081633
20.334081633
20.614081633
20.884081633
21.184081633
21.454081633
21.744081633
22.024081633
22.294081633
22.584081633
22.864081633
23.134081633
23.424081633
23.714081633
23.994081633
24.274081633
24.564081633
24.844081633
25.144081633
25.424081633
25.704081633
25.994081633
26.274081633
26.554081633
26.824081633
27.114081633
27.374081633
27.654081633
27.934081633
28.204081633
28.504081633
28.784081633
29.074081633
29.354081633
29.634081633
29.934081633
30.214081633
30.494081633
30.764081633
31.044081633
31.324081633
31.614081633
31.894081633
32.174081633
32.474081633
32.744081633
33.034081633
33.304081633
33.584081633
33.884081633
34.154081633
34.434081633
34.724081633
35.004081633
35.284081633
35.564081633
35.804081633
36.104081633
36.404081633
36.684081633
36.974081633
37.254081633
37.534081633
37.824081633
38.104081633
38.384081633
38.664081633
38.964081633
39.254081633
39.544081633
39.844081633
40.124081633
40.404081633
40.704081633
40.974081633
41.264081633
41.564081633
41.844081633
42.136507937
42.414081633
42.684081633
42.974081633
43.254081633
43.544081633
43.844081633
44.114081633
44.404081633
44.684081633
44.964081633
45.254081633
45.544081633
45.824081633
46.114081633
46.404081633
46.694081633
46.984081633
47.264081633
47.554081633
47.854081633
48.104081633
48.394081633
48.674081633
48.954081633
49.244081633
49.524081633
49.824081633
50.104081633
50.384081633
50.674081633
50.964081633
51.244081633
51.534081633
51.804081633
52.094081633
52.364081633
52.654081633
52.954081633
53.234081633
53.514081633
53.804081633
54.074081633
54.344081633
54.624081633
54.904081633
55.194081633
55.484081633
55.774081633
56.064081633
56.334081633
56.624081633
56.894081633
57.194081633
57.484081633
57.774081633
58.044081633
58.334081633
58.624081633
58.904081633
59.204081633
59.484081633
59.754081633
60.034081633
60.334081633
60.604081633
60.874081633
61.164081633
61.444081633
61.734081633
62.004081633
62.294081633
62.574081633
62.864081633
63.124081633
63.424081633
63.714081633
63.994081633
64.274081633
64.544081633
64.824081633
65.104081633
65.384081633
65.674081633
65.964081633
66.244081633
66.534081633
66.814081633
67.094081633
67.374081633
67.624081633
67.934081633
68.214081633
68.514081633
68.794081633
69.064081633
69.354081633
69.644081633
69.914081633