0.013741497
0.177891156	New Point
0.303741497
0.403741497
0.533741497
0.733741497
0.813741497
0.993741497
1.273741497
2.083741497
2.383741497
2.483741497
2.653741497
2.763741497
2.897891156	New Point
2.953741497
3.033741497
3.113741497
3.223741497
3.323741497
3.423741497
3.503741497
3.613741497
3.733741497
3.813741497
3.933741497
4.023741497
4.123741497
4.223741497
4.423741497
4.963741497
5.113741497
5.253741497
5.313741497
5.413741497
5.523741497
5.683741497
5.813741497
5.963741497
6.093741497
6.233741497
6.363741497
6.513741497
6.623741497
6.673741497
6.903741497
7.073741497
7.203741497
7.363741497
7.483741497
7.623741497
7.753741497
7.903741497
8.033741497
8.183741497
8.343741497
8.443741497
8.563741497
8.733741497
8.843741497
9.003741497
9.063741497
9.373741497
9.853741497
10.403741497
10.803741497
10.953741497
11.073741497
11.233741497
11.683741497
11.833741497
11.963741497
12.203741497
12.353741497
12.653741497
12.893741497
13.313741497
13.883741497
14.043741497
14.153741497
14.333741497
14.453741497
14.603741497
14.753741497
14.893741497
15.013741497
15.173741497
15.323741497
15.483741497
15.573741497
15.693741497
15.833741497
16.013741497
16.113741497
16.293741497
16.403741497
16.583741497
16.875578231	New Point
16.973741497
17.153741497
17.273741497
17.443741497
17.833741497
18.833741497
19.403741497
19.523741497
19.673741497
19.803741497
19.953741497
20.093741497
20.233741497
20.385782313
20.513741497
20.643741497
20.813741497
20.947414966	New Point
21.193741497
21.353741497
21.963741497
22.063741497
22.223741497
22.510408163	New Point
22.633741497
22.803741497
22.903741497
22.934897959	New Point
23.353741497
23.533741497
23.664149660	New Point
23.783741497
23.933741497
24.083741497
24.573741497
25.453741497
25.613741497
25.757210884	New Point
25.873741497
25.923741497
26.033741497
26.183741497
26.347142857	New Point
26.453741497
26.653741497
26.868503401
27.003741497
27.433741497
27.593741497
27.713741497
27.863741497
27.983741497
28.123741497
28.298707483	New Point
28.395578231	New Point
28.453741497
28.553741497
28.643741497
28.723741497
28.823741497
28.973741497
29.033741497
29.123741497
29.273741497
29.393741497
29.587414966	New Point
29.663741497
29.863741497
30.103741497
30.663741497
30.933741497
31.333741497
31.623741497
31.813741497
32.093741497
32.373741497
32.633741497
33.043741497
33.333741497
33.633741497
33.783741497
33.893741497
34.063741497
34.203741497
34.343741497
34.556122449	New Point
34.743741497
34.913741497
35.043741497
35.193741497
35.473741497
35.713741497
35.873741497
36.043741497
36.201836735	New Point
36.323741497
36.443741497
36.623741497
36.729727891	New Point
36.903741497
37.013741497
37.173741497
37.333741497
37.453741497
37.593741497
37.743741497
38.133741497
38.713741497
38.893741497
39.003741497
39.103741497
39.183741497
39.293741497
39.453741497
39.759931973	New Point
39.873741497
40.043741497
40.143741497
40.223741497
40.324829932	New Point
40.433741497
40.603741497
40.666598639	New Point
41.013741497
41.213741497
41.370816327	New Point
41.453741497
41.733741497
42.713741497
43.293741497
43.463741497
43.593741497
43.753741497
43.863741497
44.023741497
44.192040816	New Point
44.323741497
44.453741497
44.613741497
44.773741497
44.933741497
45.003741497
45.143741497
45.303741497
45.503741497
45.593741497
45.733741497
45.863741497
46.023741497
46.173741497
46.303741497
46.593741497
46.723741497
46.903741497
47.003741497
47.153741497
47.253741497
47.293741497
47.383741497
47.573741497
47.753741497
47.863741497
48.143741497
48.323741497
48.583741497
49.173741497
49.443741497
49.583741497
49.713741497
50.133741497
50.403741497
50.603741497
50.823741497
51.273741497
51.433741497
51.543741497
51.693741497
51.823741497
51.993741497
52.153741497
52.293741497
52.413741497
52.573741497
52.703741497
52.863741497
52.983741497
53.153741497
53.293741497
53.433741497
53.573741497
53.723741497
53.843741497
54.033741497
54.223741497
55.133741497
55.533741497
55.673741497
55.803741497
55.963741497
56.093741497
56.258435374	New Point
56.383741497
56.533741497
56.973741497
57.133741497
57.233741497
57.313741497
57.423741497
57.523741497
57.683741497
57.803741497
57.943741497
58.093741497
58.243741497
58.393741497
58.643741497
58.813741497
58.963741497
59.083741497
59.243741497
59.363741497
59.504149660
59.663741497
59.773741497
60.063741497
60.253741497
60.643741497
60.813741497
61.053741497
61.763741497
61.933741497
62.033741497
62.133741497
62.230680272	New Point
62.333741497
62.433741497
62.551768707
62.643741497
62.763741497
62.833741497
62.963741497
63.103741497
63.193741497
63.343741497
63.753741497
63.881836735	New Point
63.953741497
64.033741497
64.193741497
64.433741497
65.013741497
65.167278912	New Point
65.293741497
65.413741497
65.573741497
65.753741497
65.983741497
66.153741497
66.273741497
66.433741497
66.615986395	New Point
66.723741497
66.873741497
67.003741497
67.133741497
67.303741497
67.453741497
67.603741497
67.703741497
68.243741497
68.433741497
68.527278912	New Point
68.683741497
68.843741497
68.973741497
69.093741497
69.253741497
69.353741497
69.563741497
69.673741497
69.833741497
69.943741497