0.082721088
0.242721088
0.432721088
0.512721088
0.792721088
0.992721088
1.072721088
1.342721088
1.542721088
1.632721088
1.902721088
2.082721088
2.172721088
2.452721088
2.642721088
2.732721088
3.012721088
3.192721088
3.282721088
3.552721088
3.742721088
3.832721088
4.102721088
4.292721088
4.382721088
4.652721088
4.852721088
4.942721088
5.212721088
5.402721088
5.492721088
5.762721088
5.942721088
6.032721088
6.312721088
6.502721088
6.592721088
6.872721088
7.052721088
7.142721088
7.422721088
7.622721088
7.712721088
7.982721088
8.172721088
8.272721088
8.432721088
8.532721088
8.722721088
8.812721088
9.092721088
9.282721088
9.372721088
9.652721088
9.832721088
9.932721088
10.202721088
10.402721088
10.492721088
10.762721088
10.962721088
11.052721088
11.322721088
11.522721088
11.602721088
11.872721088
12.072721088
12.162721088
12.442721088
12.632721088
12.722721088
13.002721088
13.182721088
13.282721088
13.552721088
13.752721088
13.842721088
14.112721088
14.312721088
14.402721088
14.682721088
14.882721088
14.972721088
15.242721088
15.442721088
15.532721088
15.812721088
16.012721088
16.092721088
16.372721088
16.562721088
16.662721088
16.942721088
17.132721088
17.232721088
17.412721088
17.512721088
17.692721088
17.792721088
18.082721088
18.272721088
18.362721088
18.642721088
18.822721088
18.922721088
19.192721088
19.392721088
19.472721088
19.752721088
19.922721088
20.042721088
20.312721088
20.502721088
20.592721088
20.872721088
21.072721088
21.162721088
21.442721088
21.632721088
21.732721088
22.012721088
22.192721088
22.282721088
22.582721088
22.772721088
22.862721088
23.142721088
23.342721088
23.432721088
23.712721088
23.902721088
24.002721088
24.282721088
24.472721088
24.562721088
24.842721088
25.032721088
25.122721088
25.392721088
25.582721088
25.672721088
25.962721088
26.152721088
26.252721088
26.522721088
26.712721088
26.802721088
27.072721088
27.272721088
27.362721088
27.632721088
27.832721088
27.932721088
28.212721088
28.402721088
28.492721088
28.772721088
28.962721088
29.062721088
29.342721088
29.532721088
29.622721088
29.902721088
30.092721088
30.182721088
30.462721088
30.662721088
30.762721088
31.032721088
31.222721088
31.312721088
31.592721088
31.782721088
31.882721088
32.152721088
32.352721088
32.452721088
32.732721088
32.912721088
33.012721088
33.292721088
33.482721088
33.582721088
33.862721088
34.062721088
34.162721088
34.432721088
34.622721088
34.732721088
34.892721088
34.962721088
35.102721088
35.142721088
35.272721088
35.462721088
35.532721088
35.712721088
35.812721088
36.112721088
36.302721088
36.392721088
36.672721088
36.872721088
36.962721088
37.242721088
37.442721088
37.532721088
37.822721088
38.012721088
38.102721088
38.382721088
38.582721088
38.672721088
38.962721088
39.162721088
39.262721088
39.542721088
39.742721088
39.842721088
40.002721088
40.112721088
40.312721088
40.402721088
40.682721088
40.882721088
40.982721088
41.152721088
41.252721088
41.452721088
41.532721088
41.822721088
42.022721088
42.112721088
42.282721088
42.392721088
42.592721088
42.682721088
42.962721088
43.162721088
43.252721088
43.532721088
43.732721088
43.822721088
44.102721088
44.302721088
44.392721088
44.682721088
44.862721088
44.962721088
45.252721088
45.452721088
45.542721088
45.822721088
46.022721088
46.112721088
46.392721088
46.592721088
46.672721088
46.962721088
47.152721088
47.242721088
47.522721088
47.712721088
47.802721088
48.092721088
48.282721088
48.372721088
48.662721088
48.852721088
48.942721088
49.222721088
49.422721088
49.512721088
49.792721088
49.992721088
50.082721088
50.362721088
50.562721088
50.652721088
50.932721088
51.132721088
51.212721088
51.492721088
51.692721088
51.792721088
52.062721088
52.262721088
52.362721088
52.532721088
52.642721088
52.822721088
52.932721088
53.112721088
53.222721088
53.392721088
53.512721088
53.672721088
53.772721088
53.952721088
54.042721088
54.352721088
54.552721088
54.642721088
54.922721088
55.122721088
55.212721088
55.241541950	New Point
55.414240363	New Point
55.492721088
55.672721088
55.782721088
55.962721088
56.062721088
56.232721088
56.622721088
56.822721088
56.912721088
57.192721088
57.362721088
57.472721088
57.662721088
57.762721088
57.932721088
58.032721088
58.322721088
58.522721088
58.612721088
58.892721088
59.092721088
59.172721088
59.452721088
59.652721088
59.742721088
59.812721088
60.022721088
60.222721088
60.312721088
60.472721088
60.582721088
60.752721088
60.862721088
61.152721088
61.342721088
61.432721088
61.712721088
61.912721088
62.002721088
62.172721088
62.282721088
62.482721088
62.572721088
62.752721088
62.842721088
63.022721088
63.112721088
63.402721088
63.602721088
63.682721088
63.972721088
64.172721088
64.262721088
64.542721088
64.732721088
64.822721088
65.102721088
65.292721088
65.382721088
65.652721088
65.852721088
65.942721088
66.222721088
66.412721088
66.502721088
66.792721088
66.982721088
67.082721088
67.362721088
67.532721088
67.622721088
67.912721088
68.112721088
68.192721088
68.482721088
68.682721088
68.782721088
69.052721088
69.242721088
69.332721088
69.612721088
69.812721088
69.902721088