0.232199546	1.1
0.650158730	1.2
1.068117914	1.3
1.346757370	1.4
1.811156463	2.1
2.136235828	2.2
2.577414966	3.2
2.902494331	3.4
3.320453515	New Point
3.668752834	New Point
4.040272109	New Point
4.481451247	New Point
4.760090703	New Point
5.131609977	New Point
5.433469388	New Point
5.944308390	New Point
6.222947846	New Point
6.571247166	New Point
6.919546485	New Point
7.453605442	New Point
7.709024943	New Point
8.173424036	New Point
8.521723356	New Point
8.939682540	New Point
9.311201814	New Point
9.705941043	New Point
10.031020408	New Point
10.402539683	New Point
10.681179138	New Point
11.029478458	New Point
11.276190476	New Point
11.621587302	New Point
11.906031746	New Point
12.260136054	New Point
12.631655329	New Point
13.003174603	New Point
13.351473923	New Point
13.653333333	New Point
14.071292517	New Point
14.442811791	New Point
15.024149660	5.3
15.395736961	5.4
15.790408163	6.1
16.072970522	6.2
16.538117914	6.3
16.846757370	6.4
17.259365079	7.1
17.615895692	7.2
17.980272109	7.3
18.364603175	7.4
18.666984127	8.1
18.991247166	8.2
19.440476190	8.3
19.734217687	8.4
20.157142857	9.1
20.579886621	9.2
20.872970522	9.3
21.249115646	9.4
21.653469388	10.1
22.001383220	10.2
22.385714286	10.3
22.714126984	10.4
23.093741497	11.1
23.458956916	11.2
23.816417234	11.3
24.209319728	11.4
24.540068027	12.1
24.895056689	12.2
25.241768707	12.3
25.604172336	12.4
26.033945578	13.1
26.356757370	13.2
26.803356009	13.3
27.175691610	13.4
27.462176871	14.1
27.911882086	14.2
28.320657596	14.3
28.667324263	14.4
28.949002268	15.1
29.386848073	15.2
29.732244898	15.3
30.031655329	15.4
30.481995465	16.1
30.781995465	16.2
31.206961451	16.3
31.557687075	16.4
31.854399093	17.1
32.300702948	17.2
32.607913832	17.3
33.077029478	17.4
33.475555556	18.1
33.826417234	18.2
34.252267574	18.3
34.605147392	18.4
34.949591837	19.1
35.225034014	19.2
35.670362812	19.3
36.045283447	19.4
36.365374150	20.1
36.742018141	20.2
37.143333333	20.3
37.505351474	20.4
37.895510204	21.1
38.275419501	21.2
38.562018141	21.3
38.960090703	21.4
39.349410431	22.1
39.737732426	22.2
40.086235828	22.3
40.442199546	22.4
40.797891156	23.1
41.231065760	23.2
41.558843537	23.3
41.904081633	23.4
42.262222222	24.1
42.608390023	24.2
42.997641723	24.3
43.385782313	24.4
43.732471655	25.1
44.058979592	25.2
44.439274376	25.3
44.772698413	25.4
45.178185941	26.1
45.500294785	26.2
45.923605442	26.3
46.262471655	26.4
46.644716553	27.1
47.008503401	27.2
47.333764172	27.3
47.719229025	27.4
48.085827664	28.1
48.462539683	28.2
48.841791383	28.3
49.099115646	28.4
49.535736961	29.1
49.831473923	29.2
50.222222222	29.3
50.659251701	29.4
51.012721088	30.1
51.360317460	30.2
51.748117914	30.3
52.105759637	30.4
52.463628118	31.1
52.868548753	31.2
53.235782313	31.3
53.613809524	31.4
53.948163265	32.1
54.339319728	32.2
54.721451247	32.3
55.025736961	32.4
55.466462585	33.1
55.845578231	33.2
56.233696145	33.3
56.546145125	33.4
56.852993197	34.1
57.326349206	34.2
57.707142857	34.3
58.091700680	34.4
58.450566893	35.1
58.805260771	35.2
59.145192744	35.3
59.540680272	35.4
59.929229025	36.1
60.217596372	36.2
60.657551020	36.3
60.984625850	36.4
61.338412698	37.1
61.732199546	37.2
62.170839002	37.3
62.530000000	37.4
62.903015873	38.1
63.282970522	38.2
63.578027211	38.3
64.009614512	38.4
64.352290249	39.1
64.776802721	39.2
65.114263039	39.3
65.506825397	39.4
65.863968254	40.1
66.163083900	40.2
66.598934240	40.3
66.943219955	40.4
67.241451247	41.1
67.720544218	41.2
68.020612245	41.3
68.462176871	41.4
68.813083900	42.1
69.208276644	42.2
69.537097506	42.3
69.954217687	42.4
70.305759637	43.1
70.718412698	43.2
71.071700680	43.3
71.372086168	43.4
71.822630385	44.1
72.137913832	44.2
72.546530612	44.3
72.901201814	44.4
73.262857143	45.1
73.627346939	45.2
74.019138322	45.3
74.339002268	45.4
74.731814059	46.1
75.097188209	46.2
75.468390023	46.3
75.851746032	46.4
76.270430839	47.1
76.660975057	47.2
76.992539683	47.3
77.384444444	47.4
77.693968254	48.1
78.066462585	48.2
78.439183673	48.3
78.838435374	48.4
79.155850340	49.1
79.594467120	49.2
79.923242630	49.3
80.204671202	49.4
80.650022676	50.1
80.973310658	50.2
81.266757370	50.3
81.831700680	50.4
82.026598639	51.1
82.498639456	51.2
82.866077098	51.3
83.251405896	51.4
83.614693878	52.1
83.991360544	52.2
84.342993197	52.3
84.640521542	52.4
85.117324263	53.1
85.409614512	53.2
85.863514739	53.3
86.175668934	53.4
86.483922902	54.1
86.934308390	54.2
87.318979592	54.3
87.707029478	54.4
87.999365079	55.1
88.450612245	55.2
88.813106576	55.3
89.148820862	55.4
89.535170068	56.1
89.920793651	56.2
90.279455782	56.3
90.661950113	56.4
91.036757370	57.1
91.368276644	57.2
91.712698413	57.3
92.037573696	57.4
92.421564626	58.1
92.812426304	58.2
93.094988662	58.3
93.513151927	58.4
93.872086168	59.1
94.169478458	59.2
94.627324263	59.3
94.928163265	59.4
95.334376417	60.1
95.691133787	60.2
95.967619048	60.3
96.401746032	60.4
96.736870748	61.1
97.161269841	61.2
97.519183673	61.3
97.825623583	61.4
98.290249433	62.1
98.639365079	62.2
99.003832200	62.3
99.368548753	62.4
99.647324263	63.1
100.101451247	63.2
100.404852608	63.3
100.842086168	63.4
101.161768707	64.1
101.472290249	64.2
101.940000000	64.3
102.431065760	64.4
102.700408163	65.1
103.028639456	65.2
103.471201814	65.3
103.837029478	65.4
104.201065760	66.1
104.561496599	66.2
104.907188209	66.3
105.301496599	66.4
105.625804989	67.1
106.057233560	67.2
106.387936508	67.3
106.675487528	67.4
107.045260771	68.1
107.446145125	68.2
107.892244898	68.3
108.287392290	68.4
108.676009070	69.1
108.966371882	69.2
109.336009070	69.3
109.722698413	69.4
110.171564626	70.1
110.529206349	70.2
110.814557823	70.3
111.265034014	70.4
111.563151927	71.1
112.039546485	71.2
112.409931973	71.3
112.777641723	71.4
113.083378685	72.1
113.504172336	72.2
113.855056689	72.3
114.238117914	72.4
114.636643991	73.1
115.013287982	73.2
115.391360544	73.3
115.780498866	73.4
116.117301587	74.1
116.509795918	74.2
116.867913832	74.3
117.263809524	74.4
117.646235828	75.1
118.006553288	75.2
118.383741497	75.3
118.769931973	75.4
119.142834467	76.1
119.485442177	76.2
119.901020408	76.3
120.206916100	76.4
120.596689342	77.1
120.974603175	77.2
121.307188209	77.3
121.678458050	77.4
121.979342404	78.1
122.326099773	78.2
122.740725624	78.3
123.088639456	78.4
123.479682540	79.1
123.853424036	79.2
124.246757370	79.3
124.631587302	79.4
124.918548753	80.1
125.341156463	80.2
125.680544218	80.3
126.068072562	80.4
126.424920635	81.1
126.787800454	81.2
127.159818594	81.3
127.519002268	81.4
127.882721088	82.1
128.181337868	82.2
128.631609977	82.3
128.989115646	82.4
129.348185941	83.1
129.754920635	83.2
130.036213152	83.3
130.468140590	83.4
130.788934240	84.1
131.166553288	84.2
131.520498866	84.3
131.887709751	84.4
132.224943311	85.1
132.608548753	85.2
132.961224490	85.3
133.282244898	85.4
133.673832200	86.1
134.049546485	86.2
134.350136054	86.3
134.647800454	86.4
135.076281179	87.1
135.389614512	87.2
135.735056689	87.3
136.152358277	87.4
136.451088435	88.1
136.896825397	88.2
137.231360544	88.3
137.615396825	88.4
137.999863946	89.1
138.304625850	89.2
138.739455782	89.3